#index matrix for bits
#-2 maps encoding
#-1 maps length
[
[7 7 7 7 1 1 1 1]
[7 7 7 7 1 1 1 1]
[8 8 6 6 2 2 0 0]
[8 8 6 6 2 2 0 0]
[8 8 6 6 2 2 0 0]
[8 8 6 6 2 2 0 0]
[9 9 5 5 3 3 -1 -1]
[9 9 5 5 3 3 -1 -1]
[9 9 5 5 3 3 -1 -1]
[9 9 5 5 3 3 -1 -1]
[10 10 4 4 4 4 -2 -2]
[10 10 4 4 4 4 -2 -2]
]
#factors for the indexes
[
[4 8 16 32 4 8 16 32]
[1 2 64 128 1 2 64 128]
[64 128 1 2 64 128 1 2]
[16 32 4 8 16 32 4 8]
[4 8 16 32 4 8 16 32]
[1 2 64 128 1 2 64 128]
[64 128 1 2 64 128 1 2]
[16 32 4 8 16 32 4 8]
[4 8 16 32 4 8 16 32]
[1 2 64 128 1 2 64 128]
[4 8 1 2 64 128 1 2]
[1 2 4 8 16 32 4 8]
]